p2.b <- 0.0013
alpha <- .01
p2.b<alpha